0 1 0
1 3 5
2 6 37
3 8 e7
4 9 1de
5 10 3ce
6 10 3d9
7 11 7c8
8 11 7cd
9 12 fc8
10 12 fdd
11 13 1fe4
12 13 1fec
13 3 4
14 4 c
15 6 35
16 7 72
17 8 ea
18 8 ed
19 9 1e2
20 10 3d1
21 10 3d3
22 10 3e0
23 11 7d8
24 12 fcf
25 12 fd5
26 6 36
27 6 34
28 7 71
29 8 e8
30 8 ec
31 9 1e1
32 10 3cf
33 10 3dd
34 10 3db
35 11 7d0
36 12 fc7
37 12 fd4
38 12 fe4
39 8 e6
40 7 70
41 8 e9
42 9 1dd
43 9 1e3
44 10 3d2
45 10 3dc
46 11 7cc
47 11 7ca
48 11 7de
49 12 fd8
50 12 fea
51 13 1fdb
52 9 1df
53 8 eb
54 9 1dc
55 9 1e6
56 10 3d5
57 10 3de
58 11 7cb
59 11 7dd
60 11 7dc
61 12 fcd
62 12 fe2
63 12 fe7
64 13 1fe1
65 10 3d0
66 9 1e0
67 9 1e4
68 10 3d6
69 11 7c5
70 11 7d1
71 11 7db
72 12 fd2
73 11 7e0
74 12 fd9
75 12 feb
76 13 1fe3
77 13 1fe9
78 11 7c4
79 9 1e5
80 10 3d7
81 11 7c6
82 11 7cf
83 11 7da
84 12 fcb
85 12 fda
86 12 fe3
87 12 fe9
88 13 1fe6
89 13 1ff3
90 13 1ff7
91 11 7d3
92 10 3d8
93 10 3e1
94 11 7d4
95 11 7d9
96 12 fd3
97 12 fde
98 13 1fdd
99 13 1fd9
100 13 1fe2
101 13 1fea
102 13 1ff1
103 13 1ff6
104 11 7d2
105 10 3d4
106 10 3da
107 11 7c7
108 11 7d7
109 11 7e2
110 12 fce
111 12 fdb
112 13 1fd8
113 13 1fee
114 14 3ff0
115 13 1ff4
116 14 3ff2
117 11 7e1
118 10 3df
119 11 7c9
120 11 7d6
121 12 fca
122 12 fd0
123 12 fe5
124 12 fe6
125 13 1feb
126 13 1fef
127 14 3ff3
128 14 3ff4
129 14 3ff5
130 12 fe0
131 11 7ce
132 11 7d5
133 12 fc6
134 12 fd1
135 12 fe1
136 13 1fe0
137 13 1fe8
138 13 1ff0
139 14 3ff1
140 14 3ff8
141 14 3ff6
142 15 7ffc
143 12 fe8
144 11 7df
145 12 fc9
146 12 fd7
147 12 fdc
148 13 1fdc
149 13 1fdf
150 13 1fed
151 13 1ff5
152 14 3ff9
153 14 3ffb
154 15 7ffd
155 15 7ffe
156 13 1fe7
157 12 fcc
158 12 fd6
159 12 fdf
160 13 1fde
161 13 1fda
162 13 1fe5
163 13 1ff2
164 14 3ffa
165 14 3ff7
166 14 3ffc
167 14 3ffd
168 15 7fff
