0 1 0
1 3 5
2 6 37
3 7 74
4 8 f2
5 9 1eb
6 10 3ed
7 11 7f7
8 3 4
9 4 c
10 6 35
11 7 71
12 8 ec
13 8 ee
14 9 1ee
15 9 1f5
16 6 36
17 6 34
18 7 72
19 8 ea
20 8 f1
21 9 1e9
22 9 1f3
23 10 3f5
24 7 73
25 7 70
26 8 eb
27 8 f0
28 9 1f1
29 9 1f0
30 10 3ec
31 10 3fa
32 8 f3
33 8 ed
34 9 1e8
35 9 1ef
36 10 3ef
37 10 3f1
38 10 3f9
39 11 7fb
40 9 1ed
41 8 ef
42 9 1ea
43 9 1f2
44 10 3f3
45 10 3f8
46 11 7f9
47 11 7fc
48 10 3ee
49 9 1ec
50 9 1f4
51 10 3f4
52 10 3f7
53 11 7f8
54 12 ffd
55 12 ffe
56 11 7f6
57 10 3f0
58 10 3f2
59 10 3f6
60 11 7fa
61 11 7fd
62 12 ffc
63 12 fff
