0 1 0
1 4 9
2 8 ef
3 4 b
4 5 19
5 8 f0
6 9 1eb
7 9 1e6
8 10 3f2
9 4 a
10 6 35
11 9 1ef
12 6 34
13 6 37
14 9 1e9
15 9 1ed
16 9 1e7
17 10 3f3
18 9 1ee
19 10 3ed
20 13 1ffa
21 9 1ec
22 9 1f2
23 11 7f9
24 11 7f8
25 10 3f8
26 12 ff8
27 4 8
28 6 38
29 10 3f6
30 6 36
31 7 75
32 10 3f1
33 10 3eb
34 10 3ec
35 12 ff4
36 5 18
37 7 76
38 11 7f4
39 6 39
40 7 74
41 10 3ef
42 9 1f3
43 9 1f4
44 11 7f6
45 9 1e8
46 10 3ea
47 13 1ffc
48 8 f2
49 9 1f1
50 12 ffb
51 10 3f5
52 11 7f3
53 12 ffc
54 8 ee
55 10 3f7
56 15 7ffe
57 9 1f0
58 11 7f5
59 15 7ffd
60 13 1ffb
61 14 3ffa
62 16 ffff
63 8 f1
64 10 3f0
65 14 3ffc
66 9 1ea
67 10 3ee
68 14 3ffb
69 12 ff6
70 12 ffa
71 15 7ffc
72 11 7f2
73 12 ff5
74 16 fffe
75 10 3f4
76 11 7f7
77 15 7ffb
78 12 ff7
79 12 ff9
80 15 7ffa
