0 9 1f3
1 7 6f
2 9 1fd
3 8 eb
4 6 23
5 8 ea
6 9 1f7
7 8 e8
8 9 1fa
9 8 f2
10 6 2d
11 7 70
12 6 20
13 5 6
14 6 2b
15 7 6e
16 6 28
17 8 e9
18 9 1f9
19 7 66
20 8 f8
21 8 e7
22 6 1b
23 8 f1
24 9 1f4
25 7 6b
26 9 1f5
27 8 ec
28 6 2a
29 7 6c
30 6 2c
31 5 a
32 6 27
33 7 67
34 6 1a
35 8 f5
36 6 24
37 5 8
38 6 1f
39 5 9
40 3 0
41 5 7
42 6 1d
43 5 b
44 6 30
45 8 ef
46 6 1c
47 7 64
48 6 1e
49 5 c
50 6 29
51 8 f3
52 6 2f
53 8 f0
54 9 1fc
55 7 71
56 9 1f2
57 8 f4
58 6 21
59 8 e6
60 8 f7
61 7 68
62 9 1f8
63 8 ee
64 6 22
65 7 65
66 6 31
67 4 2
68 6 26
69 8 ed
70 6 25
71 7 6a
72 9 1fb
73 7 72
74 9 1fe
75 7 69
76 6 2e
77 8 f6
78 9 1ff
79 7 6d
80 9 1f6
