0 6 22
1 5 8
2 6 1d
3 6 26
4 7 5f
5 8 d3
6 9 1cf
7 10 3d0
8 10 3d7
9 10 3ed
10 11 7f0
11 11 7f6
12 12 ffd
13 5 7
14 4 0
15 4 1
16 5 9
17 6 20
18 7 54
19 7 60
20 8 d5
21 8 dc
22 9 1d4
23 10 3cd
24 10 3de
25 11 7e7
26 6 1c
27 4 2
28 5 6
29 5 c
30 6 1e
31 6 28
32 7 5b
33 8 cd
34 8 d9
35 9 1ce
36 9 1dc
37 10 3d9
38 10 3f1
39 6 25
40 5 b
41 5 a
42 5 d
43 6 24
44 7 57
45 7 61
46 8 cc
47 8 dd
48 9 1cc
49 9 1de
50 10 3d3
51 10 3e7
52 7 5d
53 6 21
54 6 1f
55 6 23
56 6 27
57 7 59
58 7 64
59 8 d8
60 8 df
61 9 1d2
62 9 1e2
63 10 3dd
64 10 3ee
65 8 d1
66 7 55
67 6 29
68 7 56
69 7 58
70 7 62
71 8 ce
72 8 e0
73 8 e2
74 9 1da
75 10 3d4
76 10 3e3
77 11 7eb
78 9 1c9
79 7 5e
80 7 5a
81 7 5c
82 7 63
83 8 ca
84 8 da
85 9 1c7
86 9 1ca
87 9 1e0
88 10 3db
89 10 3e8
90 11 7ec
91 9 1e3
92 8 d2
93 8 cb
94 8 d0
95 8 d7
96 8 db
97 9 1c6
98 9 1d5
99 9 1d8
100 10 3ca
101 10 3da
102 11 7ea
103 11 7f1
104 9 1e1
105 8 d4
106 8 cf
107 8 d6
108 8 de
109 8 e1
110 9 1d0
111 9 1d6
112 10 3d1
113 10 3d5
114 10 3f2
115 11 7ee
116 11 7fb
117 10 3e9
118 9 1cd
119 9 1c8
120 9 1cb
121 9 1d1
122 9 1d7
123 9 1df
124 10 3cf
125 10 3e0
126 10 3ef
127 11 7e6
128 11 7f8
129 12 ffa
130 10 3eb
131 9 1dd
132 9 1d3
133 9 1d9
134 9 1db
135 10 3d2
136 10 3cc
137 10 3dc
138 10 3ea
139 11 7ed
140 11 7f3
141 11 7f9
142 12 ff9
143 11 7f2
144 10 3ce
145 9 1e4
146 10 3cb
147 10 3d8
148 10 3d6
149 10 3e2
150 10 3e5
151 11 7e8
152 11 7f4
153 11 7f5
154 11 7f7
155 12 ffb
156 11 7fa
157 10 3ec
158 10 3df
159 10 3e1
160 10 3e4
161 10 3e6
162 10 3f0
163 11 7e9
164 11 7ef
165 12 ff8
166 12 ffe
167 12 ffc
168 12 fff
