0 4 0
1 5 6
2 6 19
3 7 3d
4 8 9c
5 8 c6
6 9 1a7
7 10 390
8 10 3c2
9 10 3df
10 11 7e6
11 11 7f3
12 12 ffb
13 11 7ec
14 12 ffa
15 12 ffe
16 10 38e
17 5 5
18 4 1
19 5 8
20 6 14
21 7 37
22 7 42
23 8 92
24 8 af
25 9 191
26 9 1a5
27 9 1b5
28 10 39e
29 10 3c0
30 10 3a2
31 10 3cd
32 11 7d6
33 8 ae
34 6 17
35 5 7
36 5 9
37 6 18
38 7 39
39 7 40
40 8 8e
41 8 a3
42 8 b8
43 9 199
44 9 1ac
45 9 1c1
46 10 3b1
47 10 396
48 10 3be
49 10 3ca
50 8 9d
51 7 3c
52 6 15
53 6 16
54 6 1a
55 7 3b
56 7 44
57 8 91
58 8 a5
59 8 be
60 9 196
61 9 1ae
62 9 1b9
63 10 3a1
64 10 391
65 10 3a5
66 10 3d5
67 8 94
68 8 9a
69 7 36
70 7 38
71 7 3a
72 7 41
73 8 8c
74 8 9b
75 8 b0
76 8 c3
77 9 19e
78 9 1ab
79 9 1bc
80 10 39f
81 10 38f
82 10 3a9
83 10 3cf
84 8 93
85 8 bf
86 7 3e
87 7 3f
88 7 43
89 7 45
90 8 9e
91 8 a7
92 8 b9
93 9 194
94 9 1a2
95 9 1ba
96 9 1c3
97 10 3a6
98 10 3a7
99 10 3bb
100 10 3d4
101 8 9f
102 9 1a0
103 8 8f
104 8 8d
105 8 90
106 8 98
107 8 a6
108 8 b6
109 8 c4
110 9 19f
111 9 1af
112 9 1bf
113 10 399
114 10 3bf
115 10 3b4
116 10 3c9
117 10 3e7
118 8 a8
119 9 1b6
120 8 ab
121 8 a4
122 8 aa
123 8 b2
124 8 c2
125 8 c5
126 9 198
127 9 1a4
128 9 1b8
129 10 38c
130 10 3a4
131 10 3c4
132 10 3c6
133 10 3dd
134 10 3e8
135 8 ad
136 10 3af
137 9 192
138 8 bd
139 8 bc
140 9 18e
141 9 197
142 9 19a
143 9 1a3
144 9 1b1
145 10 38d
146 10 398
147 10 3b7
148 10 3d3
149 10 3d1
150 10 3db
151 11 7dd
152 8 b4
153 10 3de
154 9 1a9
155 9 19b
156 9 19c
157 9 1a1
158 9 1aa
159 9 1ad
160 9 1b3
161 10 38b
162 10 3b2
163 10 3b8
164 10 3ce
165 10 3e1
166 10 3e0
167 11 7d2
168 11 7e5
169 8 b7
170 11 7e3
171 9 1bb
172 9 1a8
173 9 1a6
174 9 1b0
175 9 1b2
176 9 1b7
177 10 39b
178 10 39a
179 10 3ba
180 10 3b5
181 10 3d6
182 11 7d7
183 10 3e4
184 11 7d8
185 11 7ea
186 8 ba
187 11 7e8
188 10 3a0
189 9 1bd
190 9 1b4
191 10 38a
192 9 1c4
193 10 392
194 10 3aa
195 10 3b0
196 10 3bc
197 10 3d7
198 11 7d4
199 11 7dc
200 11 7db
201 11 7d5
202 11 7f0
203 8 c1
204 11 7fb
205 10 3c8
206 10 3a3
207 10 395
208 10 39d
209 10 3ac
210 10 3ae
211 10 3c5
212 10 3d8
213 10 3e2
214 10 3e6
215 11 7e4
216 11 7e7
217 11 7e0
218 11 7e9
219 11 7f7
220 9 190
221 11 7f2
222 10 393
223 9 1be
224 9 1c0
225 10 394
226 10 397
227 10 3ad
228 10 3c3
229 10 3c1
230 10 3d2
231 11 7da
232 11 7d9
233 11 7df
234 11 7eb
235 11 7f4
236 11 7fa
237 9 195
238 11 7f8
239 10 3bd
240 10 39c
241 10 3ab
242 10 3a8
243 10 3b3
244 10 3b9
245 10 3d0
246 10 3e3
247 10 3e5
248 11 7e2
249 11 7de
250 11 7ed
251 11 7f1
252 11 7f9
253 11 7fc
254 9 193
255 12 ffd
256 10 3dc
257 10 3b6
258 10 3c7
259 10 3cc
260 10 3cb
261 10 3d9
262 10 3da
263 11 7d3
264 11 7e1
265 11 7ee
266 11 7ef
267 11 7f5
268 11 7f6
269 12 ffc
270 12 fff
271 9 19d
272 9 1c2
273 8 b5
274 8 a1
275 8 96
276 8 97
277 8 95
278 8 99
279 8 a0
280 8 a2
281 8 ac
282 8 a9
283 8 b1
284 8 b3
285 8 bb
286 8 c0
287 9 18f
288 5 4
