0 5 e
1 4 5
2 5 10
3 6 30
4 7 6f
5 8 f1
6 9 1fa
7 10 3fe
8 4 3
9 3 0
10 4 4
11 5 12
12 6 2c
13 7 6a
14 7 75
15 8 f8
16 5 f
17 4 2
18 4 6
19 5 14
20 6 2e
21 7 69
22 7 72
23 8 f5
24 6 2f
25 5 11
26 5 13
27 6 2a
28 6 32
29 7 6c
30 8 ec
31 8 fa
32 7 71
33 6 2b
34 6 2d
35 6 31
36 7 6d
37 7 70
38 8 f2
39 9 1f9
40 8 ef
41 7 68
42 6 33
43 7 6b
44 7 6e
45 8 ee
46 8 f9
47 10 3fc
48 9 1f8
49 7 74
50 7 73
51 8 ed
52 8 f0
53 8 f6
54 9 1f6
55 9 1fd
56 10 3fd
57 8 f3
58 8 f4
59 8 f7
60 9 1f7
61 9 1fb
62 9 1fc
63 10 3ff
