0 4 7
1 5 16
2 8 f6
3 5 18
4 4 8
5 8 ef
6 9 1ef
7 8 f3
8 11 7f8
9 5 19
10 5 17
11 8 ed
12 5 15
13 4 1
14 8 e2
15 8 f0
16 7 70
17 10 3f0
18 9 1ee
19 8 f1
20 11 7fa
21 8 ee
22 8 e4
23 10 3f2
24 11 7f6
25 10 3ef
26 11 7fd
27 4 5
28 5 14
29 8 f2
30 4 9
31 4 4
32 8 e5
33 8 f4
34 8 e8
35 10 3f4
36 4 6
37 4 2
38 8 e7
39 4 3
40 4 0
41 7 6b
42 8 e3
43 7 69
44 9 1f3
45 8 eb
46 8 e6
47 10 3f6
48 7 6e
49 7 6a
50 9 1f4
51 10 3ec
52 9 1f0
53 10 3f9
54 8 f5
55 8 ec
56 11 7fb
57 8 ea
58 7 6f
59 10 3f7
60 11 7f9
61 10 3f3
62 12 fff
63 8 e9
64 7 6d
65 10 3f8
66 7 6c
67 7 68
68 9 1f5
69 10 3ee
70 9 1f2
71 11 7f4
72 11 7f7
73 10 3f1
74 12 ffe
75 10 3ed
76 9 1f1
77 11 7f5
78 11 7fe
79 10 3f5
80 11 7fc
