0 13 1fff
1 12 ff7
2 11 7f4
3 11 7e8
4 10 3f1
5 11 7ee
6 11 7f9
7 12 ff8
8 13 1ffd
9 12 ffd
10 11 7f1
11 10 3e8
12 9 1e8
13 8 f0
14 9 1ec
15 10 3ee
16 11 7f2
17 12 ffa
18 12 ff4
19 10 3ef
20 9 1f2
21 8 e8
22 7 70
23 8 ec
24 9 1f0
25 10 3ea
26 11 7f3
27 11 7eb
28 9 1eb
29 8 ea
30 5 1a
31 4 8
32 5 19
33 8 ee
34 9 1ef
35 11 7ed
36 10 3f0
37 8 f2
38 7 73
39 4 b
40 1 0
41 4 a
42 7 71
43 8 f3
44 11 7e9
45 11 7ef
46 9 1ee
47 8 ef
48 5 18
49 4 9
50 5 1b
51 8 eb
52 9 1e9
53 11 7ec
54 11 7f6
55 10 3eb
56 9 1f3
57 8 ed
58 7 72
59 8 e9
60 9 1f1
61 10 3ed
62 11 7f7
63 12 ff6
64 11 7f0
65 10 3e9
66 9 1ed
67 8 f1
68 9 1ea
69 10 3ec
70 11 7f8
71 12 ff9
72 13 1ffc
73 12 ffc
74 12 ff5
75 11 7ea
76 10 3f3
77 10 3f2
78 11 7f5
79 12 ffb
80 13 1ffe
