0 11 7fe
1 10 3fd
2 9 1f1
3 9 1eb
4 9 1f4
5 9 1ea
6 9 1f0
7 10 3fc
8 11 7fd
9 10 3f6
10 9 1e5
11 8 ea
12 7 6c
13 7 71
14 7 68
15 8 f0
16 9 1e6
17 10 3f7
18 9 1f3
19 8 ef
20 6 32
21 6 27
22 6 28
23 6 26
24 6 31
25 8 eb
26 9 1f7
27 9 1e8
28 7 6f
29 6 2e
30 4 8
31 4 4
32 4 6
33 6 29
34 7 6b
35 9 1ee
36 9 1ef
37 7 72
38 6 2d
39 4 2
40 4 0
41 4 3
42 6 2f
43 7 73
44 9 1fa
45 9 1e7
46 7 6e
47 6 2b
48 4 7
49 4 1
50 4 5
51 6 2c
52 7 6d
53 9 1ec
54 9 1f9
55 8 ee
56 6 30
57 6 24
58 6 2a
59 6 25
60 6 33
61 8 ec
62 9 1f2
63 10 3f8
64 9 1e4
65 8 ed
66 7 6a
67 7 70
68 7 69
69 7 74
70 8 f1
71 10 3fa
72 11 7ff
73 10 3f9
74 9 1f6
75 9 1ed
76 9 1f8
77 9 1e9
78 9 1f5
79 10 3fb
80 11 7fc
