0 11 7f8
1 9 1f1
2 11 7fd
3 10 3f5
4 7 68
5 10 3f0
6 11 7f7
7 9 1ec
8 11 7f5
9 10 3f1
10 7 72
11 10 3f4
12 7 74
13 5 11
14 7 76
15 9 1eb
16 7 6c
17 10 3f6
18 11 7fc
19 9 1e1
20 11 7f1
21 9 1f0
22 7 61
23 9 1f6
24 11 7f2
25 9 1ea
26 11 7fb
27 9 1f2
28 7 69
29 9 1ed
30 7 77
31 5 17
32 7 6f
33 9 1e6
34 7 64
35 9 1e5
36 7 67
37 5 15
38 7 62
39 5 12
40 1 0
41 5 14
42 7 65
43 5 16
44 7 6d
45 9 1e9
46 7 63
47 9 1e4
48 7 6b
49 5 13
50 7 71
51 9 1e3
52 7 70
53 9 1f3
54 11 7fe
55 9 1e7
56 11 7f3
57 9 1ef
58 7 60
59 9 1ee
60 11 7f0
61 9 1e2
62 11 7fa
63 10 3f3
64 7 6a
65 9 1e8
66 7 75
67 5 10
68 7 73
69 9 1f4
70 7 6e
71 10 3f7
72 11 7f6
73 9 1e0
74 11 7f9
75 10 3f2
76 7 66
77 9 1f5
78 11 7ff
79 9 1f7
80 11 7f4
